Number of topics	2
Topic 0	病变  药物  病毒  公司  疫苗  患者  技术  诊断  制药  人工智能  平安  氯喹  西韦  瑞德  辅助  一种  新药  医药  科技  治疗  感染  新型  成本  细胞  影像
Topic 1	药物  平安  公司  病变  诊断  患者  制药  这种  瑞德  一种  疫苗  新药  西韦  人工智能  技术  郭佑民  辅助  能够  病毒  试验  找到  肺部  风湿性关节炎  抑制  诊断系统
Document 1	[(1, 0.9984122)]
Document 2	[(1, 0.99875927)]
Document 3	[(1, 0.998737)]
Document 4	[(1, 0.998796)]
Document 5	[(1, 0.99632406)]
Document 6	[(1, 0.991446)]
Document 7	[(0, 0.03731014), (1, 0.9626899)]
Document 8	[(0, 0.1481864), (1, 0.8518136)]
Document 9	[(0, 0.2686373), (1, 0.7313627)]
Document 10	[(0, 0.18562442), (1, 0.81437564)]
Document 11	[(0, 0.18398936), (1, 0.8160106)]
Document 12	[(0, 0.32994798), (1, 0.67005205)]
Document 13	[(0, 0.052803226), (1, 0.9471968)]
Document 14	[(1, 0.99649817)]
Document 15	[(1, 0.9962901)]
Document 16	[(0, 0.016117718), (1, 0.98388225)]
Document 17	[(1, 0.9963944)]
Document 18	[(1, 0.99775714)]
Document 19	[(0, 0.33902404), (1, 0.660976)]
Document 20	[(1, 0.99305475)]
Document 21	[(1, 0.99877584)]
Document 22	[(0, 0.0373046), (1, 0.9626954)]
Document 23	[(1, 0.99497014)]
Document 24	[(1, 0.99875236)]
Document 25	[(1, 0.99881166)]
Document 26	[(1, 0.99876165)]
Document 27	[(0, 0.27710757), (1, 0.72289246)]
Document 28	[(0, 0.973271), (1, 0.026728965)]
Document 29	[(0, 0.9737816), (1, 0.02621842)]
Document 30	[(0, 0.9732813), (1, 0.02671867)]
Document 31	[(1, 0.99455696)]
Document 32	[(0, 0.43477303), (1, 0.565227)]
Document 33	[(0, 0.09642063), (1, 0.90357935)]
Document 34	[(0, 0.013210406), (1, 0.9867896)]
Document 35	[(0, 0.99591917)]
Document 36	[(0, 0.6590466), (1, 0.3409534)]
Document 37	[(1, 0.99653476)]
Document 38	[(0, 0.8884582), (1, 0.11154182)]
Document 39	[(1, 0.9984031)]
Document 40	[(1, 0.99875927)]
Document 41	[(1, 0.9987372)]
Document 42	[(1, 0.99879587)]
Document 43	[(1, 0.9963238)]
Document 44	[(1, 0.9919473)]
Document 45	[(0, 0.048582092), (1, 0.9514179)]
Document 46	[(0, 0.18444301), (1, 0.815557)]
Document 47	[(0, 0.29741976), (1, 0.7025802)]
Document 48	[(0, 0.14375831), (1, 0.8562417)]
Document 49	[(0, 0.21951777), (1, 0.78048223)]
Document 50	[(0, 0.20557976), (1, 0.79442024)]
Document 51	[(0, 0.04226604), (1, 0.957734)]
Document 52	[(1, 0.9964978)]
Document 53	[(1, 0.99628973)]
Document 54	[(0, 0.01421434), (1, 0.98578566)]
Document 55	[(1, 0.9964239)]
Document 56	[(1, 0.99775696)]
Document 57	[(0, 0.25308257), (1, 0.7469175)]
Document 58	[(1, 0.9926701)]
Document 59	[(1, 0.9987756)]
Document 60	[(0, 0.047722455), (1, 0.9522776)]
Document 61	[(1, 0.99478036)]
Document 62	[(1, 0.99875253)]
Document 63	[(1, 0.99881274)]
Document 64	[(1, 0.998761)]
Document 65	[(0, 0.25111613), (1, 0.7488839)]
Document 66	[(0, 0.95668525), (1, 0.043314744)]
Document 67	[(0, 0.97325945), (1, 0.026740566)]
Document 68	[(1, 0.9944634)]
Document 69	[(0, 0.4053822), (1, 0.5946178)]
Document 70	[(0, 0.113431476), (1, 0.88656855)]
Document 71	[(0, 0.6606846), (1, 0.33931538)]
Document 72	[(0, 0.013217282), (1, 0.98678267)]
Document 73	[(0, 0.99607855)]
Document 74	[(0, 0.6522202), (1, 0.34777978)]
Document 75	[(1, 0.99647295)]
Document 76	[(0, 0.91441846), (1, 0.08558151)]
Document 77	[(0, 0.96741784), (1, 0.032582123)]
Document 78	[(0, 0.1464981), (1, 0.8535019)]
Document 79	[(1, 0.99072385)]
Document 80	[(0, 0.24954157), (1, 0.7504584)]
Document 81	[(0, 0.7606445), (1, 0.23935558)]
Document 82	[(1, 0.9988935)]
Document 83	[(1, 0.99625957)]
Document 84	[(0, 0.39040664), (1, 0.60959333)]
Document 85	[(1, 0.9976985)]
Document 86	[(1, 0.9961334)]
Document 87	[(0, 0.17439792), (1, 0.82560205)]
Document 88	[(0, 0.037328243), (1, 0.9626718)]
Document 89	[(0, 0.37466863), (1, 0.62533134)]
Document 90	[(0, 0.104917355), (1, 0.89508265)]
Document 91	[(1, 0.9970127)]
Document 92	[(1, 0.9965256)]
Document 93	[(0, 0.06389082), (1, 0.9361092)]
Document 94	[(0, 0.12760386), (1, 0.8723961)]
Document 95	[(0, 0.8994774), (1, 0.10052254)]
Document 96	[(1, 0.99544394)]
Document 97	[(0, 0.3909931), (1, 0.60900694)]
Document 98	[(0, 0.22720024), (1, 0.77279973)]
Document 99	[(0, 0.168411), (1, 0.831589)]
Document 100	[(0, 0.9206198), (1, 0.07938017)]
Document 101	[(0, 0.109019205), (1, 0.89098084)]
Document 102	[(0, 0.80498064), (1, 0.19501936)]
Document 103	[(0, 0.01335223), (1, 0.9866478)]
Document 104	[(1, 0.9921854)]
Document 105	[(1, 0.9976654)]
Document 106	[(0, 0.35281095), (1, 0.6471891)]
Document 107	[(0, 0.015055568), (1, 0.9849444)]
Document 108	[(0, 0.19415398), (1, 0.805846)]
Document 109	[(1, 0.99857014)]
Document 110	[(0, 0.687761), (1, 0.312239)]
Document 111	[(0, 0.0134905195), (1, 0.9865095)]
Document 112	[(0, 0.9023951), (1, 0.09760485)]
Document 113	[(0, 0.92524976), (1, 0.074750245)]
Document 114	[(1, 0.9969824)]
Document 115	[(0, 0.07226383), (1, 0.9277361)]
Document 116	[(1, 0.9922549)]
Document 117	[(0, 0.49086607), (1, 0.5091339)]
Document 118	[(0, 0.047327124), (1, 0.9526729)]
Document 119	[(0, 0.9909708)]
Document 120	[(0, 0.8767328), (1, 0.123267174)]
Document 121	[(0, 0.015171723), (1, 0.9848283)]
Document 122	[(1, 0.9901243)]
Document 123	[(1, 0.99853384)]
Document 124	[(0, 0.9940778)]
